{
 "rateMatrix": [ [ -1.0101, 0.040668, 0.040668, 0.040668, 0.067051, 0.040668, 0.040668, 0.067051, 0.040668, 0.067051, 0.067051, 0.040668, 0.067051, 0.067051, 0.067051, 0.040668, 0.040668, 0.067051, 0.040668, 0.067051 ],
[ 0.040668, -0.98725, 0.06378, 0.06378, 0.040668, 0.06378, 0.06378, 0.040668, 0.067051, 0.040668, 0.040668, 0.067051, 0.040668, 0.040668, 0.040668, 0.06378, 0.06378, 0.040668, 0.06378, 0.040668 ],
[ 0.040668, 0.06378, -0.99379, 0.06378, 0.040668, 0.06378, 0.067051, 0.040668, 0.06378, 0.040668, 0.040668, 0.06378, 0.040668, 0.040668, 0.040668, 0.067051, 0.067051, 0.040668, 0.067051, 0.040668 ],
[ 0.040668, 0.06378, 0.06378, -0.98398, 0.040668, 0.067051, 0.06378, 0.040668, 0.06378, 0.040668, 0.040668, 0.06378, 0.040668, 0.040668, 0.040668, 0.06378, 0.06378, 0.040668, 0.06378, 0.040668 ],
[ 0.067051, 0.040668, 0.040668, 0.040668, -1.0101, 0.040668, 0.040668, 0.067051, 0.040668, 0.067051, 0.067051, 0.040668, 0.067051, 0.067051, 0.067051, 0.040668, 0.040668, 0.067051, 0.040668, 0.067051 ],
[ 0.040668, 0.06378, 0.06378, 0.067051, 0.040668, -0.98398, 0.06378, 0.040668, 0.06378, 0.040668, 0.040668, 0.06378, 0.040668, 0.040668, 0.040668, 0.06378, 0.06378, 0.040668, 0.06378, 0.040668 ],
[ 0.040668, 0.06378, 0.067051, 0.06378, 0.040668, 0.06378, -0.99379, 0.040668, 0.06378, 0.040668, 0.040668, 0.06378, 0.040668, 0.040668, 0.040668, 0.067051, 0.067051, 0.040668, 0.067051, 0.040668 ],
[ 0.067051, 0.040668, 0.040668, 0.040668, 0.067051, 0.040668, 0.040668, -1.0101, 0.040668, 0.067051, 0.067051, 0.040668, 0.067051, 0.067051, 0.067051, 0.040668, 0.040668, 0.067051, 0.040668, 0.067051 ],
[ 0.040668, 0.067051, 0.06378, 0.06378, 0.040668, 0.06378, 0.06378, 0.040668, -0.98725, 0.040668, 0.040668, 0.067051, 0.040668, 0.040668, 0.040668, 0.06378, 0.06378, 0.040668, 0.06378, 0.040668 ],
[ 0.067051, 0.040668, 0.040668, 0.040668, 0.067051, 0.040668, 0.040668, 0.067051, 0.040668, -1.0101, 0.067051, 0.040668, 0.067051, 0.067051, 0.067051, 0.040668, 0.040668, 0.067051, 0.040668, 0.067051 ],
[ 0.067051, 0.040668, 0.040668, 0.040668, 0.067051, 0.040668, 0.040668, 0.067051, 0.040668, 0.067051, -1.0101, 0.040668, 0.067051, 0.067051, 0.067051, 0.040668, 0.040668, 0.067051, 0.040668, 0.067051 ],
[ 0.040668, 0.067051, 0.06378, 0.06378, 0.040668, 0.06378, 0.06378, 0.040668, 0.067051, 0.040668, 0.040668, -0.98725, 0.040668, 0.040668, 0.040668, 0.06378, 0.06378, 0.040668, 0.06378, 0.040668 ],
[ 0.067051, 0.040668, 0.040668, 0.040668, 0.067051, 0.040668, 0.040668, 0.067051, 0.040668, 0.067051, 0.067051, 0.040668, -1.0101, 0.067051, 0.067051, 0.040668, 0.040668, 0.067051, 0.040668, 0.067051 ],
[ 0.067051, 0.040668, 0.040668, 0.040668, 0.067051, 0.040668, 0.040668, 0.067051, 0.040668, 0.067051, 0.067051, 0.040668, 0.067051, -1.0101, 0.067051, 0.040668, 0.040668, 0.067051, 0.040668, 0.067051 ],
[ 0.067051, 0.040668, 0.040668, 0.040668, 0.067051, 0.040668, 0.040668, 0.067051, 0.040668, 0.067051, 0.067051, 0.040668, 0.067051, 0.067051, -1.0101, 0.040668, 0.040668, 0.067051, 0.040668, 0.067051 ],
[ 0.040668, 0.06378, 0.067051, 0.06378, 0.040668, 0.06378, 0.067051, 0.040668, 0.06378, 0.040668, 0.040668, 0.06378, 0.040668, 0.040668, 0.040668, -0.99379, 0.067051, 0.040668, 0.067051, 0.040668 ],
[ 0.040668, 0.06378, 0.067051, 0.06378, 0.040668, 0.06378, 0.067051, 0.040668, 0.06378, 0.040668, 0.040668, 0.06378, 0.040668, 0.040668, 0.040668, 0.067051, -0.99379, 0.040668, 0.067051, 0.040668 ],
[ 0.067051, 0.040668, 0.040668, 0.040668, 0.067051, 0.040668, 0.040668, 0.067051, 0.040668, 0.067051, 0.067051, 0.040668, 0.067051, 0.067051, 0.067051, 0.040668, 0.040668, -1.0101, 0.040668, 0.067051 ],
[ 0.040668, 0.06378, 0.067051, 0.06378, 0.040668, 0.06378, 0.067051, 0.040668, 0.06378, 0.040668, 0.040668, 0.06378, 0.040668, 0.040668, 0.040668, 0.067051, 0.067051, 0.040668, -0.99379, 0.040668 ],
[ 0.067051, 0.040668, 0.040668, 0.040668, 0.067051, 0.040668, 0.040668, 0.067051, 0.040668, 0.067051, 0.067051, 0.040668, 0.067051, 0.067051, 0.067051, 0.040668, 0.040668, 0.067051, 0.040668, -1.0101 ] ] 
}
