{
 "rateMatrix": [ [ -0.97561, 0.030305, 0.055219, 0.055219, 0.091041, 0.030305, 0.030305, 0.091041, 0.030305, 0.049964, 0.049964, 0.030305, 0.049964, 0.049964, 0.091041, 0.055219, 0.055219, 0.049964, 0.030305, 0.049964 ],
[ 0.030305, -1.0109, 0.047527, 0.047527, 0.030305, 0.07836, 0.07836, 0.030305, 0.082377, 0.049964, 0.049964, 0.082377, 0.049964, 0.049964, 0.030305, 0.047527, 0.047527, 0.049964, 0.07836, 0.049964 ],
[ 0.055219, 0.047527, -0.96143, 0.086601, 0.055219, 0.047527, 0.049964, 0.055219, 0.047527, 0.030305, 0.030305, 0.047527, 0.030305, 0.030305, 0.055219, 0.091041, 0.091041, 0.030305, 0.049964, 0.030305 ],
[ 0.055219, 0.047527, 0.086601, -0.95011, 0.055219, 0.049964, 0.047527, 0.055219, 0.047527, 0.030305, 0.030305, 0.047527, 0.030305, 0.030305, 0.055219, 0.086601, 0.086601, 0.030305, 0.047527, 0.030305 ],
[ 0.091041, 0.030305, 0.055219, 0.055219, -0.97561, 0.030305, 0.030305, 0.091041, 0.030305, 0.049964, 0.049964, 0.030305, 0.049964, 0.049964, 0.091041, 0.055219, 0.055219, 0.049964, 0.030305, 0.049964 ],
[ 0.030305, 0.07836, 0.047527, 0.049964, 0.030305, -1.0053, 0.07836, 0.030305, 0.07836, 0.049964, 0.049964, 0.07836, 0.049964, 0.049964, 0.030305, 0.047527, 0.047527, 0.049964, 0.07836, 0.049964 ],
[ 0.030305, 0.07836, 0.049964, 0.047527, 0.030305, 0.07836, -1.0142, 0.030305, 0.07836, 0.049964, 0.049964, 0.07836, 0.049964, 0.049964, 0.030305, 0.049964, 0.049964, 0.049964, 0.082377, 0.049964 ],
[ 0.091041, 0.030305, 0.055219, 0.055219, 0.091041, 0.030305, 0.030305, -0.97561, 0.030305, 0.049964, 0.049964, 0.030305, 0.049964, 0.049964, 0.091041, 0.055219, 0.055219, 0.049964, 0.030305, 0.049964 ],
[ 0.030305, 0.082377, 0.047527, 0.047527, 0.030305, 0.07836, 0.07836, 0.030305, -1.0109, 0.049964, 0.049964, 0.082377, 0.049964, 0.049964, 0.030305, 0.047527, 0.047527, 0.049964, 0.07836, 0.049964 ],
[ 0.049964, 0.049964, 0.030305, 0.030305, 0.049964, 0.049964, 0.049964, 0.049964, 0.049964, -1.0327, 0.082377, 0.049964, 0.082377, 0.082377, 0.049964, 0.030305, 0.030305, 0.082377, 0.049964, 0.082377 ],
[ 0.049964, 0.049964, 0.030305, 0.030305, 0.049964, 0.049964, 0.049964, 0.049964, 0.049964, 0.082377, -1.0327, 0.049964, 0.082377, 0.082377, 0.049964, 0.030305, 0.030305, 0.082377, 0.049964, 0.082377 ],
[ 0.030305, 0.082377, 0.047527, 0.047527, 0.030305, 0.07836, 0.07836, 0.030305, 0.082377, 0.049964, 0.049964, -1.0109, 0.049964, 0.049964, 0.030305, 0.047527, 0.047527, 0.049964, 0.07836, 0.049964 ],
[ 0.049964, 0.049964, 0.030305, 0.030305, 0.049964, 0.049964, 0.049964, 0.049964, 0.049964, 0.082377, 0.082377, 0.049964, -1.0327, 0.082377, 0.049964, 0.030305, 0.030305, 0.082377, 0.049964, 0.082377 ],
[ 0.049964, 0.049964, 0.030305, 0.030305, 0.049964, 0.049964, 0.049964, 0.049964, 0.049964, 0.082377, 0.082377, 0.049964, 0.082377, -1.0327, 0.049964, 0.030305, 0.030305, 0.082377, 0.049964, 0.082377 ],
[ 0.091041, 0.030305, 0.055219, 0.055219, 0.091041, 0.030305, 0.030305, 0.091041, 0.030305, 0.049964, 0.049964, 0.030305, 0.049964, 0.049964, -0.97561, 0.055219, 0.055219, 0.049964, 0.030305, 0.049964 ],
[ 0.055219, 0.047527, 0.091041, 0.086601, 0.055219, 0.047527, 0.049964, 0.055219, 0.047527, 0.030305, 0.030305, 0.047527, 0.030305, 0.030305, 0.055219, -0.96143, 0.091041, 0.030305, 0.049964, 0.030305 ],
[ 0.055219, 0.047527, 0.091041, 0.086601, 0.055219, 0.047527, 0.049964, 0.055219, 0.047527, 0.030305, 0.030305, 0.047527, 0.030305, 0.030305, 0.055219, 0.091041, -0.96143, 0.030305, 0.049964, 0.030305 ],
[ 0.049964, 0.049964, 0.030305, 0.030305, 0.049964, 0.049964, 0.049964, 0.049964, 0.049964, 0.082377, 0.082377, 0.049964, 0.082377, 0.082377, 0.049964, 0.030305, 0.030305, -1.0327, 0.049964, 0.082377 ],
[ 0.030305, 0.07836, 0.049964, 0.047527, 0.030305, 0.07836, 0.082377, 0.030305, 0.07836, 0.049964, 0.049964, 0.07836, 0.049964, 0.049964, 0.030305, 0.049964, 0.049964, 0.049964, -1.0142, 0.049964 ],
[ 0.049964, 0.049964, 0.030305, 0.030305, 0.049964, 0.049964, 0.049964, 0.049964, 0.049964, 0.082377, 0.082377, 0.049964, 0.082377, 0.082377, 0.049964, 0.030305, 0.030305, 0.082377, 0.049964, -1.0327 ] ] 
}
