{
 "rateMatrix": [ [ -1.0179, 0.036831, 0.064966, 0.019162, 0.13181, 0.0089724, 0.031937, 0.23235, 0.036922, 0.087495, 0.026928, 0.022942, 0.046107, 0.049467, 0.087259, 0.016139, 0.036963, 0.030714, 0.028157, 0.022823 ],
               [ 0.036303, -1.1373, 0.060581, 0.040813, 0.019834, 0.14704, 0.10039, 0.021521, 0.071745, 0.052429, 0.021288, 0.15592, 0.085676, 0.050606, 0.01005, 0.017836, 0.048781, 0.045395, 0.084269, 0.066872 ],
               [ 0.086842, 0.082159, -0.94204, 0.043371, 0.038162, 0.027654, 0.056649, 0.11043, 0.082601, 0.010812, 0.02828, 0.061915, 0.012382, 0.026906, 0.04422, 0.041741, 0.10969, 0.017433, 0.017559, 0.043232 ],
               [ 0.01893, 0.040905, 0.032053, -0.71222, 0.016235, 0.021093, 0.018116, 0.045273, 0.076777, 0.026604, 0.015817, 0.03482, 0.012747, 0.043164, 0.033874, 0.061389, 0.12105, 0.022347, 0.042368, 0.028659 ],
               [ 0.17292, 0.026399, 0.037453, 0.02156, -0.8945, 0.050703, 0.01759, 0.11683, 0.016421, 0.015657, 0.032618, 0.022668, 0.033589, 0.020798, 0.034712, 0.052108, 0.044686, 0.031809, 0.034723, 0.11126 ],
               [ 0.0093417, 0.15532, 0.021539, 0.02223, 0.040239, -1.1795, 0.10606, 0.014404, 0.19748, 0.025254, 0.075283, 0.13819, 0.081066, 0.019884, 0.0081344, 0.035188, 0.086909, 0.032836, 0.044805, 0.065307 ],
               [ 0.029674, 0.094628, 0.039375, 0.017038, 0.012457, 0.094647, -0.94066, 0.022515, 0.1392, 0.058147, 0.024513, 0.060924, 0.028312, 0.088717, 0.007929, 0.024864, 0.018979, 0.048221, 0.10622, 0.024305 ],
               [ 0.23497, 0.02208, 0.083538, 0.046344, 0.090052, 0.01399, 0.024505, -1.0111, 0.030282, 0.047755, 0.024342, 0.0080753, 0.021619, 0.020043, 0.11827, 0.043847, 0.068039, 0.035539, 0.020927, 0.056934 ],
               [ 0.034328, 0.067674, 0.057451, 0.072258, 0.011637, 0.17635, 0.13929, 0.027841, -1.1648, 0.04875, 0.018883, 0.11489, 0.059201, 0.020802, 0.0082049, 0.036304, 0.024514, 0.065819, 0.13906, 0.041579 ],
               [ 0.10523, 0.063972, 0.0097279, 0.032388, 0.014354, 0.029173, 0.075267, 0.056795, 0.063062, -1.2858, 0.17894, 0.054338, 0.037996, 0.10675, 0.022023, 0.039533, 0.043116, 0.10024, 0.044969, 0.20794 ],
               [ 0.029053, 0.023302, 0.022826, 0.017274, 0.026825, 0.078013, 0.028465, 0.025971, 0.021912, 0.16053, -0.96214, 0.098087, 0.060066, 0.059647, 0.016885, 0.016658, 0.022655, 0.0584, 0.08759, 0.10798 ],
               [ 0.024832, 0.17122, 0.050134, 0.03815, 0.018702, 0.14367, 0.070973, 0.0086433, 0.13376, 0.048903, 0.098402, -1.084, 0.017082, 0.022717, 0.0079793, 0.03993, 0.038988, 0.049948, 0.075566, 0.024445 ],
               [ 0.049209, 0.09277, 0.0098858, 0.013771, 0.027326, 0.0831, 0.032521, 0.022816, 0.067959, 0.033718, 0.059418, 0.016843, -0.85504, 0.032485, 0.020608, 0.033477, 0.0086193, 0.14267, 0.071505, 0.036344 ],
               [ 0.052792, 0.054793, 0.021481, 0.04663, 0.016919, 0.020382, 0.1019, 0.021152, 0.023878, 0.094729,  0.059, 0.022399, 0.032483, -0.92559, 0.019136, 0.020017, 0.01427, 0.20492, 0.055414, 0.043289 ],
               [ 0.11752, 0.013732, 0.044554, 0.046182, 0.035636, 0.010523, 0.011494, 0.15751, 0.011886, 0.024662, 0.021078, 0.0099289, 0.026006, 0.02415, -0.69366, 0.022583, 0.035361, 0.035166, 0.012714, 0.032968 ],
               [ 0.01823, 0.020439, 0.035271, 0.070191, 0.044864, 0.038175, 0.030227, 0.048975, 0.044105, 0.037129, 0.017439, 0.041669, 0.035429, 0.021186, 0.018939, -0.65637, 0.059317, 0.01417, 0.018271, 0.042342 ],
               [ 0.043943, 0.058836, 0.097557, 0.14567, 0.040495, 0.099238, 0.024284, 0.079988, 0.031345, 0.04262, 0.024964, 0.042823, 0.0096011, 0.015897, 0.031213, 0.062432, -0.99662, 0.050798, 0.063859, 0.031058 ],
               [ 0.030783, 0.046158, 0.013071, 0.022672, 0.024301, 0.031609, 0.052015, 0.035222, 0.070952, 0.083537, 0.05425, 0.04625, 0.13398, 0.19244, 0.026168, 0.012574, 0.042824, -1.1134, 0.014553, 0.18002 ],
               [ 0.035899,  0.109, 0.016748, 0.05468, 0.033745, 0.054866, 0.14576, 0.026384, 0.19069, 0.047672, 0.10351, 0.089011, 0.08542, 0.066201, 0.012035, 0.020624, 0.068484, 0.018513, -1.2776, 0.098334 ],
               [ 0.0217, 0.064506, 0.03075, 0.027583, 0.080636, 0.059639, 0.024871, 0.05353, 0.042521, 0.16439, 0.095154, 0.021473, 0.032378, 0.038566, 0.023273, 0.035641, 0.024839, 0.17077, 0.073331, -1.0856 ] ]
}
